[68, 69, 71, 72, 85, 86, 103, 134, 135, 136, 146, 149]
[116, 117]
[23, 93]
[21, 74, 77, 99, 101, 104, 105, 162]
[142, 165, 167]
[171, 260]
[147]
[179, 186, 193]
[0, 1, 2, 4, 5, 6, 7, 8, 9, 10, 12, 13, 15, 16, 17, 18, 19, 20, 22, 27, 28, 29, 30, 31, 32, 35, 36, 37, 38, 39, 40, 41, 42, 43, 44, 45, 46, 47, 48, 49, 50, 52, 53, 54, 56, 57, 58, 60, 61, 62, 63, 65, 67, 73, 75, 76, 81, 82, 83, 89, 96, 97, 98, 100, 126, 130, 132, 133, 137, 138, 139, 141, 143, 144, 145, 148, 151, 153, 154, 155, 157, 158, 159, 160, 163, 169, 174, 178, 181, 187, 190, 191, 195, 197, 199, 200, 203, 207, 208, 209, 210, 211, 212, 214, 215, 216, 217, 218, 219, 220, 221, 226, 227, 228, 234, 235, 236, 237, 238, 243, 244, 245, 246, 247, 249, 251, 252, 253, 254, 255, 257, 258, 259, 261, 263, 265, 268, 269, 271, 272, 274, 275, 276, 280, 281, 283, 287, 288, 289, 290, 291, 292, 293, 294, 295, 296, 297, 298, 299]
[88, 127, 170, 213]
[177]
[106, 172, 173, 188, 189, 192, 201, 206, 225, 230, 231, 232, 233, 239]
[14, 102, 156, 222, 240]
[109, 150, 161, 166, 241]
[70]
[175, 184, 248]
[26, 84, 91]
[204]
[205]
[64, 152, 264]
[3, 51, 124, 224, 229, 267]
[79, 80, 270]
[95, 131]
[90, 107, 108, 125, 168, 176, 182, 277]
[78, 262, 278]
[92]
[196, 202, 282, 284]
[185, 279, 285]
[180, 256, 286]
[110, 164]
[55, 114, 183]
[24, 59, 66]
[119, 273]
[25, 112, 242]
[121, 198]
[11, 111, 113, 115, 118, 120, 122]
[123, 129]
[33, 94, 194, 266]
[128, 140]
[34, 87, 223, 250]